1.151664018630981445e+00 1.226204514503479004e+00
1.502996444702148438e+00 1.776822805404663086e+00
8.305113911628723145e-01 1.068579196929931641e+00
6.974031329154968262e-01 8.741093277931213379e-01
8.183464407920837402e-01 1.072834849357604980e+00
7.718206644058227539e-01 1.075999975204467773e+00
5.993610024452209473e-01 9.104689955711364746e-01
4.762799441814422607e-01 7.855092287063598633e-01
4.621303081512451172e-01 7.598429322242736816e-01
5.017658472061157227e-01 7.890076637268066406e-01
4.941613674163818359e-01 8.116085529327392578e-01
4.144054651260375977e-01 7.949000000953674316e-01
3.327720761299133301e-01 7.457322478294372559e-01
3.050961792469024658e-01 6.909648180007934570e-01
3.169912397861480713e-01 6.533203721046447754e-01
3.137061297893524170e-01 6.400978565216064453e-01
2.660100460052490234e-01 6.432240605354309082e-01
2.058772444725036621e-01 6.460784077644348145e-01
1.816693693399429321e-01 6.310468316078186035e-01
1.951205879449844360e-01 5.984753966331481934e-01
1.935470253229141235e-01 5.623368620872497559e-01
1.575462073087692261e-01 5.365291833877563477e-01
1.372678577899932861e-01 5.249736905097961426e-01
1.458842307329177856e-01 5.204789638519287109e-01
1.434448361396789551e-01 5.099862217903137207e-01
1.309459656476974487e-01 4.864485263824462891e-01
1.263267844915390015e-01 4.562599062919616699e-01
1.228626444935798645e-01 4.333210289478302002e-01
1.127313002943992615e-01 4.241003692150115967e-01
1.039255857467651367e-01 4.137214124202728271e-01
