9.287676811218261719e-01 1.660999298095703125e+00
1.004173755645751953e+00 1.559464335441589355e+00
7.982679009437561035e-01 1.245325326919555664e+00
7.453641891479492188e-01 1.370081901550292969e+00
7.687910199165344238e-01 1.552603960037231445e+00
7.466666698455810547e-01 1.551251888275146484e+00
6.627526879310607910e-01 1.420770168304443359e+00
5.784212946891784668e-01 1.276390552520751953e+00
5.474920272827148438e-01 1.161360144615173340e+00
5.862239599227905273e-01 1.091588973999023438e+00
5.976201891899108887e-01 1.093564510345458984e+00
5.344178676605224609e-01 1.085939764976501465e+00
4.579054713249206543e-01 1.055397748947143555e+00
4.309544265270233154e-01 1.035762310028076172e+00
4.528701305389404297e-01 1.061528801918029785e+00
4.630461633205413818e-01 1.092459440231323242e+00
4.174521863460540771e-01 1.116249442100524902e+00
3.528982102870941162e-01 1.119207143783569336e+00
3.316510319709777832e-01 1.092918992042541504e+00
3.660037517547607422e-01 1.041453003883361816e+00
3.763615190982818604e-01 9.750998020172119141e-01
3.270467519760131836e-01 9.367831945419311523e-01
2.983523905277252197e-01 9.285226464271545410e-01
3.021889328956604004e-01 9.441787600517272949e-01
2.965542674064636230e-01 9.478182196617126465e-01
2.825981676578521729e-01 9.309738874435424805e-01
2.807537019252777100e-01 8.932398557662963867e-01
2.803759276866912842e-01 8.585122227668762207e-01
2.611276209354400635e-01 8.381724357604980469e-01
2.496928125619888306e-01 8.294982314109802246e-01
