1.188934326171875000e+00
1.639909625053405762e+00
9.495452642440795898e-01
7.857562303543090820e-01
9.455906152725219727e-01
9.239103198051452637e-01
7.549149990081787109e-01
6.308946013450622559e-01
6.109865903854370117e-01
6.453867554664611816e-01
6.528849601745605469e-01
6.046527624130249023e-01
5.392521619796752930e-01
4.980304837226867676e-01
4.851558208465576172e-01
4.769020080566406250e-01
4.546170532703399658e-01
4.259778261184692383e-01
4.063580930233001709e-01
3.967979848384857178e-01
3.779419362545013428e-01
3.470377027988433838e-01
3.311207890510559082e-01
3.331815898418426514e-01
3.267155289649963379e-01
3.086972534656524658e-01
2.912933528423309326e-01
2.780918478965759277e-01
2.684158384799957275e-01
2.588235139846801758e-01
