1.294883489608764648e+00
1.281819105148315430e+00
1.021796584129333496e+00
1.057723045349121094e+00
1.160697460174560547e+00
1.148959279060363770e+00
1.041761398315429688e+00
9.274059534072875977e-01
8.544260859489440918e-01
8.389064669609069824e-01
8.455923795700073242e-01
8.101788163185119629e-01
7.566516399383544922e-01
7.333583831787109375e-01
7.571994662284851074e-01
7.777528166770935059e-01
7.668508291244506836e-01
7.360526919364929199e-01
7.122850418090820312e-01
7.037283778190612793e-01
6.757306456565856934e-01
6.319149732589721680e-01
6.134375333786010742e-01
6.231838464736938477e-01
6.221862435340881348e-01
6.067860126495361328e-01
5.869967937469482422e-01
5.694440603256225586e-01
5.496500134468078613e-01
5.395955443382263184e-01
